5.000000000000000000e+01 5.556302334890786199e+01 6.084709347793895517e+01 6.558724504646833964e+01 6.954578706170075009e+01 7.252422169756047765e+01 7.437319780454558327e+01 7.500000000000000000e+01 7.437319780454558327e+01 7.252422169756047765e+01 6.954578706170075009e+01 6.558724504646833964e+01 6.084709347793895517e+01 5.556302334890786199e+01 5.000000000000000000e+01
5.000000000000000000e+01 5.501211084878023883e+01 5.977289353085037504e+01 6.404362252323416271e+01 6.761014564124226922e+01 7.029362252323417692e+01 7.195949243312315957e+01 7.252422169756047765e+01 7.195949243312315957e+01 7.029362252323417692e+01 6.761014564124226922e+01 6.404362252323417692e+01 5.977289353085037504e+01 5.501211084878023883e+01 5.000000000000000000e+01
5.000000000000000000e+01 5.346848832554606901e+01 5.676305216330332115e+01 5.971848832554606901e+01 6.218659890227279874e+01 6.404362252323417692e+01 6.519644026981984553e+01 6.558724504646833964e+01 6.519644026981984553e+01 6.404362252323417692e+01 6.218659890227279874e+01 5.971848832554607611e+01 5.676305216330332115e+01 5.346848832554606901e+01 5.000000000000000000e+01
5.000000000000000000e+01 5.123788915121976117e+01 5.241370537142242370e+01 5.346848832554606901e+01 5.434934679188089746e+01 5.501211084878023883e+01 5.542354673896947759e+01 5.556302334890786199e+01 5.542354673896947759e+01 5.501211084878023883e+01 5.434934679188089746e+01 5.346848832554606901e+01 5.241370537142242370e+01 5.123788915121976117e+01 5.000000000000000000e+01
5.000000000000000000e+01 4.876211084878023883e+01 4.758629462857757630e+01 4.653151167445393099e+01 4.565065320811910254e+01 4.498788915121976117e+01 4.457645326103052241e+01 4.443697665109213801e+01 4.457645326103052241e+01 4.498788915121976117e+01 4.565065320811910254e+01 4.653151167445393099e+01 4.758629462857757630e+01 4.876211084878023883e+01 5.000000000000000000e+01
5.000000000000000000e+01 4.653151167445393099e+01 4.323694783669668595e+01 4.028151167445393099e+01 3.781340109772720837e+01 3.595637747676583729e+01 3.480355973018015447e+01 3.441275495353166036e+01 3.480355973018015447e+01 3.595637747676583729e+01 3.781340109772720837e+01 4.028151167445393099e+01 4.323694783669667885e+01 4.653151167445393099e+01 5.000000000000000000e+01
5.000000000000000000e+01 4.498788915121976117e+01 4.022710646914963206e+01 3.595637747676583729e+01 3.238985435875773078e+01 2.970637747676583373e+01 2.804050756687683332e+01 2.747577830243952235e+01 2.804050756687683332e+01 2.970637747676583373e+01 3.238985435875773078e+01 3.595637747676583018e+01 4.022710646914962496e+01 4.498788915121976117e+01 5.000000000000000000e+01
5.000000000000000000e+01 4.443697665109213801e+01 3.915290652206104483e+01 3.441275495353166036e+01 3.045421293829925347e+01 2.747577830243952235e+01 2.562680219545440963e+01 2.500000000000000000e+01 2.562680219545440963e+01 2.747577830243952235e+01 3.045421293829925347e+01 3.441275495353166036e+01 3.915290652206104483e+01 4.443697665109213801e+01 5.000000000000000000e+01
5.000000000000000000e+01 4.498788915121976117e+01 4.022710646914962496e+01 3.595637747676583729e+01 3.238985435875773078e+01 2.970637747676583018e+01 2.804050756687683332e+01 2.747577830243952235e+01 2.804050756687683332e+01 2.970637747676583018e+01 3.238985435875772367e+01 3.595637747676583018e+01 4.022710646914962496e+01 4.498788915121976117e+01 5.000000000000000000e+01
5.000000000000000000e+01 4.653151167445393099e+01 4.323694783669667885e+01 4.028151167445392389e+01 3.781340109772720126e+01 3.595637747676582308e+01 3.480355973018014737e+01 3.441275495353166036e+01 3.480355973018014737e+01 3.595637747676582308e+01 3.781340109772720126e+01 4.028151167445392389e+01 4.323694783669667885e+01 4.653151167445393099e+01 5.000000000000000000e+01
5.000000000000000000e+01 4.876211084878023883e+01 4.758629462857757630e+01 4.653151167445392389e+01 4.565065320811910254e+01 4.498788915121975407e+01 4.457645326103052241e+01 4.443697665109213801e+01 4.457645326103052241e+01 4.498788915121975407e+01 4.565065320811910254e+01 4.653151167445392389e+01 4.758629462857757630e+01 4.876211084878023883e+01 5.000000000000000000e+01
5.000000000000000000e+01 5.123788915121976117e+01 5.241370537142242370e+01 5.346848832554606901e+01 5.434934679188089035e+01 5.501211084878023883e+01 5.542354673896947048e+01 5.556302334890785488e+01 5.542354673896947048e+01 5.501211084878023883e+01 5.434934679188089035e+01 5.346848832554606901e+01 5.241370537142242370e+01 5.123788915121976117e+01 5.000000000000000000e+01
5.000000000000000000e+01 5.346848832554606901e+01 5.676305216330331405e+01 5.971848832554606901e+01 6.218659890227279163e+01 6.404362252323416271e+01 6.519644026981984553e+01 6.558724504646833964e+01 6.519644026981984553e+01 6.404362252323416271e+01 6.218659890227279163e+01 5.971848832554606901e+01 5.676305216330331405e+01 5.346848832554606901e+01 5.000000000000000000e+01
5.000000000000000000e+01 5.501211084878023883e+01 5.977289353085036794e+01 6.404362252323416271e+01 6.761014564124226922e+01 7.029362252323416271e+01 7.195949243312315957e+01 7.252422169756047765e+01 7.195949243312315957e+01 7.029362252323416271e+01 6.761014564124226922e+01 6.404362252323417692e+01 5.977289353085037504e+01 5.501211084878023883e+01 5.000000000000000000e+01
5.000000000000000000e+01 5.556302334890786199e+01 6.084709347793895517e+01 6.558724504646833964e+01 6.954578706170075009e+01 7.252422169756047765e+01 7.437319780454558327e+01 7.500000000000000000e+01 7.437319780454558327e+01 7.252422169756047765e+01 6.954578706170075009e+01 6.558724504646833964e+01 6.084709347793895517e+01 5.556302334890786199e+01 5.000000000000000000e+01
