[[ 0.00000000e+00  5.56302335e+00  1.08470935e+01  1.55872450e+01
   1.95457871e+01  2.25242217e+01  2.43731978e+01  2.50000000e+01
   2.43731978e+01  2.25242217e+01  1.95457871e+01  1.55872450e+01
   1.08470935e+01  5.56302335e+00  3.06161700e-15]
 [ 0.00000000e+00  5.01211085e+00  9.77289353e+00  1.40436225e+01
   1.76101456e+01  2.02936225e+01  2.19594924e+01  2.25242217e+01
   2.19594924e+01  2.02936225e+01  1.76101456e+01  1.40436225e+01
   9.77289353e+00  5.01211085e+00  2.75842160e-15]
 [ 0.00000000e+00  3.46848833e+00  6.76305216e+00  9.71848833e+00
   1.21865989e+01  1.40436225e+01  1.51964403e+01  1.55872450e+01
   1.51964403e+01  1.40436225e+01  1.21865989e+01  9.71848833e+00
   6.76305216e+00  3.46848833e+00  1.90888698e-15]
 [ 0.00000000e+00  1.23788915e+00  2.41370537e+00  3.46848833e+00
   4.34934679e+00  5.01211085e+00  5.42354674e+00  5.56302335e+00
   5.42354674e+00  5.01211085e+00  4.34934679e+00  3.46848833e+00
   2.41370537e+00  1.23788915e+00  6.81273874e-16]
 [ 0.00000000e+00 -1.23788915e+00 -2.41370537e+00 -3.46848833e+00
  -4.34934679e+00 -5.01211085e+00 -5.42354674e+00 -5.56302335e+00
  -5.42354674e+00 -5.01211085e+00 -4.34934679e+00 -3.46848833e+00
  -2.41370537e+00 -1.23788915e+00 -6.81273874e-16]
 [ 0.00000000e+00 -3.46848833e+00 -6.76305216e+00 -9.71848833e+00
  -1.21865989e+01 -1.40436225e+01 -1.51964403e+01 -1.55872450e+01
  -1.51964403e+01 -1.40436225e+01 -1.21865989e+01 -9.71848833e+00
  -6.76305216e+00 -3.46848833e+00 -1.90888698e-15]
 [ 0.00000000e+00 -5.01211085e+00 -9.77289353e+00 -1.40436225e+01
  -1.76101456e+01 -2.02936225e+01 -2.19594924e+01 -2.25242217e+01
  -2.19594924e+01 -2.02936225e+01 -1.76101456e+01 -1.40436225e+01
  -9.77289353e+00 -5.01211085e+00 -2.75842160e-15]
 [ 0.00000000e+00 -5.56302335e+00 -1.08470935e+01 -1.55872450e+01
  -1.95457871e+01 -2.25242217e+01 -2.43731978e+01 -2.50000000e+01
  -2.43731978e+01 -2.25242217e+01 -1.95457871e+01 -1.55872450e+01
  -1.08470935e+01 -5.56302335e+00 -3.06161700e-15]
 [ 0.00000000e+00 -5.01211085e+00 -9.77289353e+00 -1.40436225e+01
  -1.76101456e+01 -2.02936225e+01 -2.19594924e+01 -2.25242217e+01
  -2.19594924e+01 -2.02936225e+01 -1.76101456e+01 -1.40436225e+01
  -9.77289353e+00 -5.01211085e+00 -2.75842160e-15]
 [ 0.00000000e+00 -3.46848833e+00 -6.76305216e+00 -9.71848833e+00
  -1.21865989e+01 -1.40436225e+01 -1.51964403e+01 -1.55872450e+01
  -1.51964403e+01 -1.40436225e+01 -1.21865989e+01 -9.71848833e+00
  -6.76305216e+00 -3.46848833e+00 -1.90888698e-15]
 [ 0.00000000e+00 -1.23788915e+00 -2.41370537e+00 -3.46848833e+00
  -4.34934679e+00 -5.01211085e+00 -5.42354674e+00 -5.56302335e+00
  -5.42354674e+00 -5.01211085e+00 -4.34934679e+00 -3.46848833e+00
  -2.41370537e+00 -1.23788915e+00 -6.81273874e-16]
 [ 0.00000000e+00  1.23788915e+00  2.41370537e+00  3.46848833e+00
   4.34934679e+00  5.01211085e+00  5.42354674e+00  5.56302335e+00
   5.42354674e+00  5.01211085e+00  4.34934679e+00  3.46848833e+00
   2.41370537e+00  1.23788915e+00  6.81273874e-16]
 [ 0.00000000e+00  3.46848833e+00  6.76305216e+00  9.71848833e+00
   1.21865989e+01  1.40436225e+01  1.51964403e+01  1.55872450e+01
   1.51964403e+01  1.40436225e+01  1.21865989e+01  9.71848833e+00
   6.76305216e+00  3.46848833e+00  1.90888698e-15]
 [ 0.00000000e+00  5.01211085e+00  9.77289353e+00  1.40436225e+01
   1.76101456e+01  2.02936225e+01  2.19594924e+01  2.25242217e+01
   2.19594924e+01  2.02936225e+01  1.76101456e+01  1.40436225e+01
   9.77289353e+00  5.01211085e+00  2.75842160e-15]
 [ 0.00000000e+00  5.56302335e+00  1.08470935e+01  1.55872450e+01
   1.95457871e+01  2.25242217e+01  2.43731978e+01  2.50000000e+01
   2.43731978e+01  2.25242217e+01  1.95457871e+01  1.55872450e+01
   1.08470935e+01  5.56302335e+00  3.06161700e-15]][[50.         55.56302335 60.84709348 65.58724505 69.54578706 72.5242217
  74.3731978  75.         74.3731978  72.5242217  69.54578706 65.58724505
  60.84709348 55.56302335 50.        ]
 [50.         55.01211085 59.77289353 64.04362252 67.61014564 70.29362252
  71.95949243 72.5242217  71.95949243 70.29362252 67.61014564 64.04362252
  59.77289353 55.01211085 50.        ]
 [50.         53.46848833 56.76305216 59.71848833 62.1865989  64.04362252
  65.19644027 65.58724505 65.19644027 64.04362252 62.1865989  59.71848833
  56.76305216 53.46848833 50.        ]
 [50.         51.23788915 52.41370537 53.46848833 54.34934679 55.01211085
  55.42354674 55.56302335 55.42354674 55.01211085 54.34934679 53.46848833
  52.41370537 51.23788915 50.        ]
 [50.         48.76211085 47.58629463 46.53151167 45.65065321 44.98788915
  44.57645326 44.43697665 44.57645326 44.98788915 45.65065321 46.53151167
  47.58629463 48.76211085 50.        ]
 [50.         46.53151167 43.23694784 40.28151167 37.8134011  35.95637748
  34.80355973 34.41275495 34.80355973 35.95637748 37.8134011  40.28151167
  43.23694784 46.53151167 50.        ]
 [50.         44.98788915 40.22710647 35.95637748 32.38985436 29.70637748
  28.04050757 27.4757783  28.04050757 29.70637748 32.38985436 35.95637748
  40.22710647 44.98788915 50.        ]
 [50.         44.43697665 39.15290652 34.41275495 30.45421294 27.4757783
  25.6268022  25.         25.6268022  27.4757783  30.45421294 34.41275495
  39.15290652 44.43697665 50.        ]
 [50.         44.98788915 40.22710647 35.95637748 32.38985436 29.70637748
  28.04050757 27.4757783  28.04050757 29.70637748 32.38985436 35.95637748
  40.22710647 44.98788915 50.        ]
 [50.         46.53151167 43.23694784 40.28151167 37.8134011  35.95637748
  34.80355973 34.41275495 34.80355973 35.95637748 37.8134011  40.28151167
  43.23694784 46.53151167 50.        ]
 [50.         48.76211085 47.58629463 46.53151167 45.65065321 44.98788915
  44.57645326 44.43697665 44.57645326 44.98788915 45.65065321 46.53151167
  47.58629463 48.76211085 50.        ]
 [50.         51.23788915 52.41370537 53.46848833 54.34934679 55.01211085
  55.42354674 55.56302335 55.42354674 55.01211085 54.34934679 53.46848833
  52.41370537 51.23788915 50.        ]
 [50.         53.46848833 56.76305216 59.71848833 62.1865989  64.04362252
  65.19644027 65.58724505 65.19644027 64.04362252 62.1865989  59.71848833
  56.76305216 53.46848833 50.        ]
 [50.         55.01211085 59.77289353 64.04362252 67.61014564 70.29362252
  71.95949243 72.5242217  71.95949243 70.29362252 67.61014564 64.04362252
  59.77289353 55.01211085 50.        ]
 [50.         55.56302335 60.84709348 65.58724505 69.54578706 72.5242217
  74.3731978  75.         74.3731978  72.5242217  69.54578706 65.58724505
  60.84709348 55.56302335 50.        ]]